00 : (:= 2 567)
01 : (:= 6 514)
02 : (:= 4 123)
03 : 123
04 : 567623
05 : 55147514576
06 : 123 1       #incorrect
07 : 123 2       #incorrect
08 : 123 0       #
09 : 123 				 1 2     
10 : 123 				 1 2 (:= 2 567) # (len 567) 
11 : 1, , , , 3 		         (+ 1 3)
12 : 1, 5, 6, 7, 3     		          4 3 
13 : 1, 5, 6, 7, 3 
14 : 1, 5, 6, 7, 3               	  0 1                   
15 : 1, 5, 6, 7, 3               	  1 5
16 : 1, 5, 6, 7, 3               	  2 6
17 : 1, 5, 6, 7, 3               	  2 6 (:= 6 514)
18 : 1, 5, 6, 7, 3               	  2 6       514
19 : 1, 5, 6, 7, 3               	  (len 514)
20 : 1, 5, 6, 7, 3               	  (alloc (len 514))
21 : 1, 5, 6, 7, 3              	  2 (+ 2 (len 514))
22 : 1, 5, 6. 7, 3             		  2 (+ 2 3) 
23 : 1, 5, 6, 7, 3      		  2 6     2 5
24 : 1, 4, 6, 7, 3      	          (:= 4 123)
25 : 1, 1, 2, 3, 6, 7, 3                  
26 : [A
